1.0
1.0
4.4
1.2
448,098.60
109.335
31,349
34.2
30.2
86.8
73
99.8
98.7
98.3
76.99
7.94
9.01
96.3
89.2
86.8
114.3
83.5
99.6
92.4
87.2
99.7
51,788.1
87.7
2,513.5
77.500
11,419,669
7,472,590
6,696.6
8,978.6
27,649
26,346
4.7
59.4
10.6
3.9
7.0
5,209,170
847,765.3
2,716,740.2
3,838,653.0
4,878,561.6
1,379,694.0
1,603,128.8
1,534,631.0
0.3
1.72
1.85
1.86
1.769
1.735
1.777
2.207
1.93
3.70
2.59975
2.405
2,209.61
751.71
95,521,375.7
24,960.5
176,877.2
13,177.0
104.490
105.060
104.450
103.81
82.97
86.56
100.8
97.5
0.265
67.61
3,601.9
3,433.6
440,598.5
1,609.0
-1,032.6
108.62
104.27
93.40
1,135.50
1,136.60
169.00
169.35
1,017.06
1,274.31
4,052.5
51,709,098
14.9
0.977
23,276,014
103.3
0.355
0
0
1.0
1.0
4.4
1.2
448,098.60
109.335
31,349
34.2
30.2
86.8
73
99.8
98.7
98.3
76.99
7.94
9.01
96.3
89.2
86.8
114.3
83.5
99.6
92.4
87.2
99.7
51,788.1
87.7
2,513.5
77.500
11,419,669
7,472,590
6,696.6
8,978.6
27,649
26,346
4.7
59.4
10.6
3.9
7.0
5,209,170
847,765.3
2,716,740.2
3,838,653.0
4,878,561.6
1,379,694.0
1,603,128.8
1,534,631.0
0.3
1.72
1.85
1.86
1.769
1.735
1.777
2.207
1.93
3.70
2.59975
2.405
2,209.61
751.71
95,521,375.7
24,960.5
176,877.2
13,177.0
104.490
105.060
104.450
103.81
82.97
86.56
100.8
97.5
0.265
67.61
3,601.9
3,433.6
440,598.5
1,609.0
-1,032.6
108.62
104.27
93.40
1,135.50
1,136.60
169.00
169.35
1,017.06
1,274.31
4,052.5
51,709,098
14.9
0.977
23,276,014
103.3
0.355
0
0
1.0
1.0
4.4
1.2
448,098.60
109.335
31,349
34.2
30.2
86.8
73
99.8
98.7
98.3
76.99
7.94
9.01
96.3
89.2
86.8
114.3
83.5
99.6
92.4
87.2
99.7
51,788.1
87.7
2,513.5
77.500
11,419,669
7,472,590
6,696.6
8,978.6
27,649
26,346
4.7
59.4
10.6
3.9
7.0
5,209,170
847,765.3
2,716,740.2
3,838,653.0
4,878,561.6
1,379,694.0
1,603,128.8
1,534,631.0
0.3
1.72
1.85
1.86
1.769
1.735
1.777
2.207
1.93
3.70
2.59975
2.405
2,209.61
751.71
95,521,375.7
24,960.5
176,877.2
13,177.0
104.490
105.060
104.450
103.81
82.97
86.56
100.8
97.5
0.265
67.61
3,601.9
3,433.6
440,598.5
1,609.0
-1,032.6
108.62
104.27
93.40
1,135.50
1,136.60
169.00
169.35
1,017.06
1,274.31
4,052.5
51,709,098
14.9
0.977
23,276,014
103.3
0.355
0
0
1.0
1.0
4.4
1.2
448,098.60
109.335
31,349
34.2
30.2
86.8
73
99.8
98.7
98.3
76.99
7.94
9.01
96.3
89.2
86.8
114.3
83.5
99.6
92.4
87.2
99.7
51,788.1
87.7
2,513.5
77.500
11,419,669
7,472,590
6,696.6
8,978.6
27,649
26,346
4.7
59.4
10.6
3.9
7.0
5,209,170
847,765.3
2,716,740.2
3,838,653.0
4,878,561.6
1,379,694.0
1,603,128.8
1,534,631.0
0.3
1.72
1.85
1.86
1.769
1.735
1.777
2.207
1.93
3.70
2.59975
2.405
2,209.61
751.71
95,521,375.7
24,960.5
176,877.2
13,177.0
104.490
105.060
104.450
103.81
82.97
86.56
100.8
97.5
0.265
67.61
3,601.9
3,433.6
440,598.5
1,609.0
-1,032.6
108.62
104.27
93.40
1,135.50
1,136.60
169.00
169.35
1,017.06
1,274.31
4,052.5
51,709,098
14.9
0.977
23,276,014
103.3
0.355
0
0
1.0
1.0
4.4
1.2
448,098.60
109.335
31,349
34.2
30.2
86.8
73
99.8
98.7
98.3
76.99
7.94
9.01
96.3
89.2
86.8
114.3
83.5
99.6
92.4
87.2
99.7
51,788.1
87.7
2,513.5
77.500
11,419,669
7,472,590
6,696.6
8,978.6
27,649
26,346
4.7
59.4
10.6
3.9
7.0
5,209,170
847,765.3
2,716,740.2
3,838,653.0
4,878,561.6
1,379,694.0
1,603,128.8
1,534,631.0
0.3
1.72
1.85
1.86
1.769
1.735
1.777
2.207
1.93
3.70
2.59975
2.405
2,209.61
751.71
95,521,375.7
24,960.5
176,877.2
13,177.0
104.490
105.060
104.450
103.81
82.97
86.56
100.8
97.5
0.265
67.61
3,601.9
3,433.6
440,598.5
1,609.0
-1,032.6
108.62
104.27
93.40
1,135.50
1,136.60
169.00
169.35
1,017.06
1,274.31
4,052.5
51,709,098
14.9
0.977
23,276,014
103.3
0.355
0
0